a = np.array([
     [0.0, 0.0, 0.0, 0.0, 0.0, 0.0, 0.0, 0.0, 0.0, 0.0, 0.0, 0.0, 0.0, 0.0, 0.0] ,
     [0.1593861867782114, 0.0, 0.0, 0.0, 0.0, 0.0, 0.0, 0.0, 0.0, 0.0, 0.0, 0.0, 0.0, 0.0, 0.0] ,
     [0.036959906830514797, 0.0026813241922549334, 0.0, 0.0, 0.0, 0.0, 0.0, 0.0, 0.0, 0.0, 0.0, 0.0, 0.0, 0.0, 0.0] ,
     [0.036959906830514797, 0.0, 0.043823421598573865, 0.0, 0.0, 0.0, 0.0, 0.0, 0.0, 0.0, 0.0, 0.0, 0.0, 0.0, 0.0] ,
     [0.036959906830514797, 0.0, 4.71766682245512e-08, 0.2194237773530457, 0.0, 0.0, 0.0, 0.0, 0.0, 0.0, 0.0, 0.0, 0.0, 0.0, 0.0] ,
     [0.036959906830514797, 0.0, 4.71766682245512e-08, 0.0765302564935237, 0.002258945036323757, 0.0, 0.0, 0.0, 0.0, 0.0, 0.0, 0.0, 0.0, 0.0, 0.0] ,
     [0.036959906830514797, 0.0, 4.71766682245512e-08, 0.0765302564935237, 4.128724336014651e-10, 0.035894002368403816, 0.0, 0.0, 0.0, 0.0, 0.0, 0.0, 0.0, 0.0, 0.0] ,
     [0.036959906830514797, 0.0, 4.71766682245512e-08, 0.0765302564935237, 4.128724336014651e-10, 1.1263610624780487e-08, 0.2122809368449764, 0.0, 0.0, 0.0, 0.0, 0.0, 0.0, 0.0, 0.0] ,
     [0.036959906830514797, 0.0, 4.71766682245512e-08, 0.0765302564935237, 4.128724336014651e-10, 1.1263610624780487e-08, 0.11269104735748092, 0.004464427955873496, 0.0, 0.0, 0.0, 0.0, 0.0, 0.0, 0.0] ,
     [0.036959906830514797, 0.0, 4.71766682245512e-08, 0.0765302564935237, 4.128724336014651e-10, 1.1263610624780487e-08, 0.11269104735748092, 1.841245680833331e-09, 0.04518492528372683, 0.0, 0.0, 0.0, 0.0, 0.0, 0.0] ,
     [0.036959906830514797, 0.0, 4.71766682245512e-08, 0.0765302564935237, 4.128724336014651e-10, 1.1263610624780487e-08, 0.11269104735748092, 1.841245680833331e-09, 3.618784282906306e-09, 0.011479860852217152, 0.0, 0.0, 0.0, 0.0, 0.0] ,
     [0.036959906830514797, 0.0, 4.71766682245512e-08, 0.0765302564935237, 4.128724336014651e-10, 1.1263610624780487e-08, 0.11269104735748092, 1.841245680833331e-09, 3.618784282906306e-09, 0.06763636813044478, 0.13044602196730895, 0.0, 0.0, 0.0, 0.0] ,
     [0.036959906830514797, 0.0, 4.71766682245512e-08, 0.0765302564935237, 4.128724336014651e-10, 1.1263610624780487e-08, 0.11269104735748092, 1.841245680833331e-09, 3.618784282906306e-09, 0.06763636813044478, 2.2065920255690185e-09, 0.0071051041012946264, 0.0, 0.0, 0.0] ,
     [0.036959906830514797, 0.0, 4.71766682245512e-08, 0.0765302564935237, 4.128724336014651e-10, 1.1263610624780487e-08, 0.11269104735748092, 1.841245680833331e-09, 3.618784282906306e-09, 0.06763636813044478, 2.2065920255690185e-09, 0.3002162610912352, 0.32301622561626964, 0.0, 0.0] ,
     [0.036959906830514797, 0.0, 4.71766682245512e-08, 0.0765302564935237, 4.128724336014651e-10, 1.1263610624780487e-08, 0.11269104735748092, 1.841245680833331e-09, 3.618784282906306e-09, 0.06763636813044478, 2.2065920255690185e-09, 0.3002162610912352, 0.0017435071544150194, 0.20899278500042803, 0.0] ,
])



b=[0.036959906830514797, 0.0, 4.71766682245512e-08, 0.0765302564935237, 4.128724336014651e-10, 1.1263610624780487e-08, 0.11269104735748092, 1.841245680833331e-09, 3.618784282906306e-09, 0.06763636813044478, 2.2065920255690185e-09, 0.3002162610912352, 0.0017435071544150194, 0.04833753421087329, 0.35588505221173905]
