a = np.array([
     [0.0, 0.0, 0.0, 0.0, 0.0, 0.0, 0.0, 0.0, 0.0, 0.0, 0.0, 0.0, 0.0, 0.0, 0.0] ,
     [0.08033407377183593, 0.0, 0.0, 0.0, 0.0, 0.0, 0.0, 0.0, 0.0, 0.0, 0.0, 0.0, 0.0, 0.0, 0.0] ,
     [0.0802777015653036, -0.022994629244322017, 0.0, 0.0, 0.0, 0.0, 0.0, 0.0, 0.0, 0.0, 0.0, 0.0, 0.0, 0.0, 0.0] ,
     [0.08082781196966887, 0.07799015494251559, -0.0183883014382016, 0.0, 0.0, 0.0, 0.0, 0.0, 0.0, 0.0, 0.0, 0.0, 0.0, 0.0, 0.0] ,
     [0.08141423442923913, 0.012776774702634656, 0.06870595470227081, 0.08015393553578719, 0.0, 0.0, 0.0, 0.0, 0.0, 0.0, 0.0, 0.0, 0.0, 0.0, 0.0] ,
     [-0.06202341807343911, -0.07284653728430068, -0.07254357982423984, -0.07576804411540253, -0.06515648349638993, 0.0, 0.0, 0.0, 0.0, 0.0, 0.0, 0.0, 0.0, 0.0, 0.0] ,
     [0.08076578780123266, 0.08089629416403202, 0.08082647011181664, 0.08029447361628905, 0.08274114396437351, -0.002511251515904504, 0.0, 0.0, 0.0, 0.0, 0.0, 0.0, 0.0, 0.0, 0.0] ,
     [0.0791848962143736, 0.08112862149233784, 0.08107703290233315, 0.08126700871728423, 0.08080632485347389, 0.07189542668623529, 0.08311687135639924, 0.0, 0.0, 0.0, 0.0, 0.0, 0.0, 0.0, 0.0] ,
     [0.07833396173276996, 0.07926241717275007, 0.0785747554643447, 0.08065430155286939, 0.08219162272414501, 0.013977020514404269, 0.08252539860785611, 0.08391394621212461, 0.0, 0.0, 0.0, 0.0, 0.0, 0.0, 0.0] ,
     [0.07831565750976022, 0.07846510457188763, 0.07818781623704868, 0.07922535299965434, 0.08053659823628505, -0.04627865360521059, 0.08275423323909001, 0.08263261142771829, 0.08399658963124462, 0.0, 0.0, 0.0, 0.0, 0.0, 0.0] ,
     [0.07615818513267908, 0.07714844894649571, 0.07695739593946464, 0.07773403124056971, 0.07868083903066807, -0.06969187691472792, 0.0813331912129647, 0.08144851040043498, 0.08185048151622148, 0.08386893836510875, 0.0, 0.0, 0.0, 0.0, 0.0] ,
     [0.08148272940490546, -0.0623743767923349, 0.033654926053493836, -0.06793612150717149, -0.07205456437586932, 0.07555908411458127, -0.07287385641957031, -0.07829722787082957, -0.07908145988800012, -0.07877290684340885, 0.009871682506072916, 0.0, 0.0, 0.0, 0.0] ,
     [0.07552103193470806, 0.07708223970453074, 0.07680850797666076, 0.07771923235149031, 0.07872615382153617, -0.012250166696038442, 0.07984112288664588, 0.08166733944214152, 0.08210146506707411, 0.08240795552838841, 0.08388727422356879, 0.025711343122291803, 0.0, 0.0, 0.0] ,
     [0.07548084970525493, 0.07542804559155242, 0.07490006324253819, 0.07658183624866813, 0.07805373878249686, -0.021241300901483785, 0.07965215226606982, 0.07976956519936061, 0.08171091573643904, 0.08213838203918611, 0.08241924785956242, -0.07344641065568874, 0.08415551511539496, 0.0, 0.0] ,
     [0.07420604337236725, 0.07624845466443211, 0.0762328734669014, 0.07638750490404615, 0.07691461716815261, 0.04717921894256083, 0.07858763297428689, 0.08040646340952261, 0.07999054252610784, 0.08184612613038972, 0.08232112383734691, -0.07530657101401611, 0.08311523825851981, 0.08372190807629068, 0.0] ,
])




b=[0.0673737478512643, 0.06181545823208147, 0.051251426363212234, 0.06810316882939842, 0.07324650579386896, 0.07122337284103344, 0.07835897242705663, 0.0804483553352307, 0.08400882153233394, 0.08613421262375749, 0.08814793299012605, -0.08472244457699601, 0.08963970813629979, 0.09178986029555239, 0.09318090132578036]
